1.500000e+00
2.000000e+01
1.500000e-01
4.000000e+01
1.500000e-01
1.000000e+00
3.000000e+01
6.000000e+04
1.000000e+00
5.000000e+01
1.000000e+05
1.500000e+01
1.500000e+01
6.000000e+00
2.768000e-12
7.052000e-01
1.250000e+00
4.000000e+01
1.500000e-01
8.000000e+01
1.500000e-01
1.000000e+00
5.000000e+01
1.000000e+05
1.000000e+00
5.000000e+01
1.000000e+05
1.500000e+01
1.500000e+01
6.000000e+00
2.768000e-12
5.901000e-01
1.125000e+00
5.000000e+01
1.500000e-01
1.000000e+02
1.500000e-01
1.000000e+00
9.000000e+01
1.800000e+05
1.000000e+00
5.000000e+01
1.000000e+05
1.400000e+01
1.300000e+01
6.000000e+00
2.246000e-12
5.380000e-01
1.125000e+00
5.000000e+01
1.500000e-01
1.000000e+02
1.500000e-01
1.000000e+00
9.000000e+01
1.800000e+05
1.000000e+00
5.000000e+01
1.000000e+05
7.000000e+01
6.000000e+01
6.000000e+00
5.070000e-11
5.380000e-01
1.125000e+00
2.500000e+02
1.000000e+00
2.000000e+02
2.500000e-01
1.000000e+00
9.000000e+01
1.800000e+05
1.000000e+00
5.000000e+01
1.000000e+05
7.000000e+01
6.000000e+01
6.000000e+00
5.069640e-11
4.486600e-01
1.125000e+00
2.500000e+02
1.000000e+00
2.000000e+02
2.500000e-01
1.000000e+00
9.000000e+01
1.800000e+05
1.000000e+00
5.000000e+01
1.000000e+05
5.500000e+01
5.500000e+01
5.000000e+00
3.045900e-11
4.486600e-01
