2.051506e+01
0
5.250492e+02
1.543656e+01
1.613881e+02
2.022268e+01
0
4.892721e+02
9.761662e+00
3.048936e+01
2.017452e+01
0
5.199370e+02
8.460034e+00
9.831864e+00
2.017452e+01
0
2.302707e+01
8.460322e+00
9.831872e+00
2.382489e+01
0
1.294196e+01
2.832653e+00
2.794655e+00
2.382489e+01
0
2.151295e+01
2.832481e+00
2.794644e+00
1.474058e+01
1.584893e+05
4.036454e+05
1.367781e+02
2.794441e+00
3.778642e+00
6.266139e+04
4.111497e+05
1.367782e+02
2.794441e+00
3.778642e+00
6.266139e+04
4.111497e+05
1.367782e+02
2.794441e+00
3.778642e+00
6.266139e+04
4.111497e+05
1.367782e+02
2.794441e+00
3.778642e+00
6.266139e+04
4.111497e+05
1.367782e+02
2.794441e+00
1.428397e+01
1.054387e+05
1.840772e+05
1.367781e+02
2.794441e+00
1.104323e+01
7.112135e+04
1.224616e+05
1.367781e+02
2.794440e+00
1.104323e+01
7.112135e+04
1.224616e+05
1.367781e+02
2.794440e+00
1.578140e+01
1.355189e+05
2.517677e+05
1.367781e+02
2.794441e+00
1.775532e+01
2.483133e+05
7.603263e+05
1.367781e+02
2.794441e+00
1.775532e+01
2.483133e+05
7.603263e+05
1.367781e+02
2.794441e+00
-5.090398e-01
4.120975e+04
4.764310e+05
1.367782e+02
2.794441e+00
1.335553e+01
1.644372e+05
6.295062e+05
1.367781e+02
2.794441e+00
1.015194e+01
1.710015e+05
6.729767e+05
2.036546e+02
2.794441e+00
