1.500000e+00
2.000000e+01
1.500000e-01
4.000000e+01
1.500000e-01
1.000000e+00
3.000000e+01
6.000000e+04
1.000000e+00
5.000000e+01
1.000000e+05
0
0
0
0
1.500000e+01
1.500000e+01
6.000000e+00
2.768000e-12
7.052000e-01
1.250000e+00
4.000000e+01
1.500000e-01
8.000000e+01
1.500000e-01
1.000000e+00
5.000000e+01
1.000000e+05
1.000000e+00
5.000000e+01
1.000000e+05
0
0
0
0
1.500000e+01
1.500000e+01
6.000000e+00
2.768000e-12
5.901000e-01
1.125000e+00
5.000000e+01
1.500000e-01
1.000000e+02
1.500000e-01
1.000000e+00
9.000000e+01
1.800000e+05
1.000000e+00
5.000000e+01
1.000000e+05
0
0
0
0
1.400000e+01
1.300000e+01
6.000000e+00
2.246000e-12
5.380000e-01
1.125000e+00
5.000000e+01
1.500000e-01
1.000000e+02
1.500000e-01
1.000000e+00
9.000000e+01
1.800000e+05
1.000000e+00
5.000000e+01
1.000000e+05
0
0
0
0
7.000000e+01
6.000000e+01
6.000000e+00
5.070000e-11
5.380000e-01
1.125000e+00
2.500000e+02
1.000000e+00
2.000000e+02
2.500000e-01
1.000000e+00
9.000000e+01
1.800000e+05
1.000000e+00
5.000000e+01
1.000000e+05
0
0
0
0
7.000000e+01
6.000000e+01
6.000000e+00
5.069640e-11
4.486600e-01
1.125000e+00
2.500000e+02
1.000000e+00
2.000000e+02
2.500000e-01
1.000000e+00
9.000000e+01
1.800000e+05
1.000000e+00
5.000000e+01
1.000000e+05
0
0
0
0
5.500000e+01
5.500000e+01
5.000000e+00
3.045900e-11
4.486600e-01
1.125000e+00
2.500000e+02
1.000000e+00
2.000000e+02
2.500000e-01
1.500000e-01
1.000000e+02
1.333333e+06
1.500000e-01
1.000000e+00
1.333333e+04
2.200000e+01
2.200000e+01
1.000000e+00
9.847200e-13
5.000000e+01
5.000000e+01
1.000000e+00
5.038000e-12
4.486600e-01
1.125000e+00
2.500000e+02
1.000000e+00
2.000000e+02
2.500000e-01
1.500000e-01
1.000000e+02
1.333333e+06
1.500000e-01
1.000000e+01
1.333333e+05
2.200000e+01
2.200000e+01
1.000000e+00
9.847200e-13
5.000000e+01
5.000000e+01
1.000000e+00
5.038000e-12
4.486600e-01
1.125000e+00
2.500000e+02
1.000000e+00
2.000000e+02
2.500000e-01
1.500000e-01
2.500000e+02
3.333333e+06
3.000000e-01
1.000000e+00
6.666667e+03
1.000000e+02
1.000000e+02
1.000000e+00
2.007600e-11
1.000000e+02
1.000000e+02
1.000000e+00
2.007600e-11
4.486600e-01
1.125000e+00
2.500000e+02
1.000000e+00
2.000000e+02
2.500000e-01
1.500000e-01
3.000000e+02
4.000000e+06
4.000000e-01
2.000000e+01
1.000000e+05
1.000000e+02
1.000000e+02
1.000000e+00
2.007600e-11
1.700000e+02
1.700000e+02
1.000000e+00
5.792920e-11
4.486600e-01
1.125000e+00
2.500000e+02
1.000000e+00
2.000000e+02
2.500000e-01
1.500000e-01
3.000000e+02
4.000000e+06
1.500000e-01
1.000000e+01
1.333333e+05
1.700000e+02
1.700000e+02
1.000000e+00
5.792920e-11
2.500000e+02
2.500000e+02
1.000000e+00
1.251900e-10
4.486600e-01
1.125000e+00
2.500000e+02
1.000000e+00
2.000000e+02
2.500000e-01
1.500000e-01
2.500000e+04
3.333333e+08
1.500000e-01
5.000000e+02
6.666667e+06
4.200000e+01
4.200000e+01
1.000000e+00
3.559920e-12
4.700000e+01
4.800000e+01
1.000000e+00
4.548100e-12
4.486600e-01
1.125000e+00
2.500000e+02
1.000000e+00
2.000000e+02
2.500000e-01
1.500000e-01
2.000000e+05
2.666667e+09
1.500000e-01
1.000000e+03
1.333333e+07
1.300000e+01
1.300000e+01
1.000000e+00
3.478800e-13
1.400000e+01
1.500000e+01
1.000000e+00
4.310200e-13
4.486600e-01
1.125000e+00
2.500000e+02
1.000000e+00
2.000000e+02
2.500000e-01
1.500000e-01
2.000000e+05
2.666667e+09
1.500000e-01
1.000000e+03
1.333333e+07
2.200000e+01
2.200000e+01
1.000000e+00
9.847200e-13
1.400000e+01
1.500000e+01
1.000000e+00
4.310200e-13
4.486600e-01
