1.125000e+00
2.500000e+02
1.000000e+00
2.000000e+02
2.500000e-01
5.000000e-01
1.500000e-01
3.500000e-01
5.000000e-01
1.500000e-01
5.000000e-01
2.200000e+01
2.200000e+01
1.000000e+00
9.847200e-13
1.400000e+01
1.500000e+01
1.000000e+00
4.310200e-13
4.500000e-01
1.125000e+00
2.500000e+02
1.000000e+00
2.000000e+02
2.500000e-01
5.000000e-01
1.500000e-01
3.000000e-01
5.000000e-01
1.500000e-01
5.500000e-01
2.200000e+01
2.200000e+01
1.000000e+00
9.847200e-13
1.400000e+01
1.500000e+01
1.000000e+00
4.310200e-13
4.500000e-01
1.125000e+00
2.500000e+02
1.000000e+00
2.000000e+02
2.500000e-01
5.000000e-01
1.500000e-01
2.600000e-01
5.000000e-01
1.500000e-01
6.000000e-01
2.600000e+01
2.600000e+01
1.000000e+00
1.371760e-12
3.000000e+01
3.000000e+01
1.000000e+00
1.822800e-12
4.500000e-01
1.125000e+00
2.500000e+02
1.000000e+00
2.000000e+02
2.500000e-01
5.000000e-01
1.500000e-01
2.600000e-01
5.000000e-01
1.500000e-01
6.000000e-01
2.600000e+01
2.600000e+01
1.000000e+00
1.371760e-12
3.500000e+01
3.500000e+01
1.000000e+00
2.476600e-12
4.500000e-01
