1.125000e+00
2.500000e+02
1.000000e+00
2.000000e+02
2.500000e-01
5.000000e-01
1.500000e-01
7.140000e-01
5.000000e-01
1.500000e-01
1.144390e+00
2.600000e+01
2.600000e+01
1.000000e+00
1.371760e-12
5.000000e+01
5.000000e+01
1.000000e+00
5.038000e-12
5.143900e-01
1.125000e+00
2.500000e+02
1.000000e+00
2.000000e+02
2.500000e-01
5.000000e-01
1.500000e-01
7.140000e-01
5.000000e-01
1.500000e-01
1.100000e+00
2.600000e+01
2.600000e+01
1.000000e+00
1.371760e-12
2.000000e+01
2.000000e+01
1.000000e+00
8.152000e-13
5.143900e-01
1.125000e+00
2.500000e+02
1.000000e+00
2.000000e+02
2.500000e-01
5.000000e-01
1.500000e-01
7.250000e-01
5.000000e-01
1.500000e-01
1.125000e+00
2.600000e+01
2.600000e+01
1.000000e+00
1.371760e-12
5.000000e+01
5.000000e+01
1.000000e+00
5.038000e-12
5.143900e-01
1.125000e+00
2.500000e+02
1.000000e+00
2.000000e+02
2.500000e-01
5.000000e-01
1.500000e-01
7.250000e-01
5.000000e-01
1.500000e-01
1.085000e+00
2.600000e+01
2.600000e+01
1.000000e+00
1.371760e-12
5.000000e+01
5.000000e+01
1.000000e+00
5.038000e-12
5.143900e-01
